0 0.868815 0.00915527 0.0651042 0.0183105
0 0.100749 0.502686 0.0263672 0.0268555
0 0.639323 0.776611 0.046875 0.0292969
0 0.160482 0.718262 0.0455729 0.034668
0 0.916504 0.0147705 0.0328776 0.0285645
0 0.768229 0.758789 0.0533854 0.0322266
0 0.364258 0.59314 0.0429688 0.0285645
0 0.930013 0.237549 0.0507812 0.0444336
0 0.854004 0.407349 0.0589193 0.0637207
0 0.657552 0.342651 0.0390625 0.0661621
0 0.523926 0.0876465 0.0439453 0.0708008
0 0.405436 0.633057 0.039388 0.0454102
0 0.343262 0.150635 0.0511068 0.0400391
